$ANSIBLE_VAULT;1.1;AES256
61323164323966643166656635613535393431366232333062333436643436613632383533616666
3634386138643535613738663333303633613366393436310a313031323432653230383037316531
66663965336238333038373465346461353936643030396431643334373466303539656564663766
6634626361366365640a656162613332386235306163656638666538613637316265663632363463
37346630643136363138393139373136343638363235396465353233316464383538316232666430
32613336616261663962643836346462346563343661663837396461383535373638636261373462
36376233366333646262393964363337623666626535626662363630643531396161373034383066
33353438646131353965633039383834313431336465666135623134373437366465623637303231
30316638383162333633396532373435666666306266636561616164653162353739366461663637
31313761626537363438363230393035393931623332616132393832363235313562336139363230
30633131376336326161646661643131343761336661343863653833626335623831313736346361
39376666386334616661353130396637616531643764313863303661666363353434316136376631
36346664663933323333303731613437613735373462366164656162356432633239326366323638
38313533393436636265386432626165613962306237336333323737653361373334306236326331
39636563363336626633333566613531623831613433653637646332376135393465626330653338
65623162343930383436613734313439623432663738663033346230343731386332346137326134
30393862643535363237336231656530636339643731646530343339653031366366666334363732
39333437323232383862636430343431346336376263643631313231666431326439373266393662
37653465313738633064646361313164363466363361333234393364643765356239366435383137
37636362383236373961363034306638393863333137636232643432316631633662363432313433
38366663656531646662363163316639353738353234366161623230623663663432333736326236
30626132393339653162633832326363373462316234386238313163623533326362623032613164
36326536646266326663643865656563363838336239353334303337613537663862623137643863
61663565313230343730613135336261623033363464396330303962366161623933376535316563
32323032383039663635343038326665356165376534333266393431616462316361653733613131
32616237313162393934646638316238303138613766613731306364653861343164306163656638
64366136383934373030663265656632306231306661393639383064633536346534653361326439
64393937636536303431633064376238346135376665653636623330356630653531303930633261
62313538333061303532616437656438653365376234363237326633623162353537346432663136
65333736336539306232393332323932336436303564343661373266306565353865363934376364
64653336383233316233373439646539313538343231323133343237633036386261663835373364
62333135303230613030336161633564343661643761393239343231646562373536333863343733
36323362373864363834333664343461326135326134376465326134346636383737356638326530
64303133626138616465353032623638353061666166346262643937333362386563376365613134
64306466656665643864323736336564343262636438373537643238636133636466633463343831
64653462333836663331613833303936373836323865353365363433396165356638396138363532
39306133613637333838393634366632663463346261346565383830643063323964396132393339
35633363393138666365313464663962323561303333343432663832633835313134396366336636
61633364633763643561343863396561366639376466643133373862373332316632666634356162
63383733383461623966633964353232373236316461313035366130303536396434316461323734
35613734656466663137396463316637643230303165363466646133306639353334363031393364
33323062326332306662353066343336366431333232333037306130656130663537386462376662
34306331373535623030653237373233656438333332346635343631653036343035373166383838
32363664383039316236303766303933653863353666373062393634656339363765646230353431
33643539656137663361666637373934396134633763313863393764343232356533303736373739
30313932353534623762323136376462366531656138653032373434636365663031623333343763
38313531373565343636363762336234323161376634396137623535613139343830353962363763
32633831316565623035636439386635323963343266313130633366663830396462663038363264
33383430633232353035383536386334326431313862636437353063646230366238383363333065
63356261336166643138386164646165366433303166393030346331303638373132383736663762
61393936643963666339636664376461363030393265306265633531323263646538363638373561
34333336303831333035336534393464353735343130613632343137636536383563333531366363
32623034383038653064633461613734333661343565313730633161303136383161326436366433
37323935393434633065663032353631353261393866616261343563643839366130623135383061
65373837623666326336663834333364313236363165313538353165383866643438643461353866
30316561306164386133363066373630396431393736623264383962383362623031666334646535
65373764303266646134373730303039623364636533383966363233656161306635303064656339
36373163396337306536336664623537393964356332646534363837363433623637653962383065
32613739653130663465656265663061633236343961653834316139343133636265663438393265
64623165323761316366343738333833383463306161656366333132326265393231623266303062
31366338643832653736646436396133663830616537303265613361623739343732396130393135
66646437353537346364326636393134613064323234333739643932653335636534616438306130
38633936633136356466613932643631666232623564636464306136636362633831656564353336
35396138343764393836643738356361643437346134323531643637646231633532396566656465
35643830336334653464623933343664623063323236616461663763363134656632363435646138
34646437333564666266643036393364393038323762356332333631653966376466323130623539
61626533303938386139326233343432663137313030626139313762353965626539336435366166
33333939636663396266646163353838373831653761613838363835343237303338383233316161
35333731313230326434323764646265323330316133323535356439313933326334316262623036
39333065386639313763393932303234633535323830306235303335373436633165316263373832
33633366656166623035393835353336343363376139376564376261323234653237636233643138
38363432303031346530373362306131613664353537386361613263643464313638346230323433
64363432313931323733636233663030633364326532303861623833376537373635653338633139
37656330336565383461353264363365343761386261383530326234386132656636353036383434
37323836363966336264313039626333373661646165383933363337643532623065653633396562
38366462366637326566323435656339353561356336653034336431383432613465313962303333
64643631336330326633383839656230626137646236363266663438383965373163663266626162
33653762646335643561393838333566386336353862396635383666313531346261346363653130
33323362313135616365613462373436316235613961613432616134383732316234366165316530
64323561633461313762616331633037636230363965623165356163313461633033343539616138
39613735326437353335353266613136306330383839393761323934396165393966336262333232
37626239303662613637663632646162383461653939343964393232363664313338383261626664
61363662666433646236656532323336653362663239326233626265323630613161663738326130
38386138383561303031646162383936633437323262626130643237643035383435303130363935
65323332373534346332323837326165306333343661313637303961613237653537333239386339
32656433616165623931306564383033383064616462656634383938663630666138376465653132
39626631666230613737323564383839653263383737326464333463373234613231653131333730
65653461393663636635
