$ANSIBLE_VAULT;1.1;AES256
34326265343639393662623033346566326362306661316332343236373266323830313732343536
6633613638666135323061346237363233616437303662620a623831326463383361616263623262
38666439353431616336313735346361376139383438353362383632393639623630623966396234
6639656339353630640a653935623964353336333437313766343963306561323837336562396436
32646362643831303832663163366638366336626265613766373736653465623834396533663263
65346430353935346163373138386537323736666563643330326539323261396230613663333366
35653263646362663832623534656431306535336337366362623038333433636261326437313266
31626164363662303266633132393261323431346464666233366238636539643361366266363961
64656562306135626666633735623233326562343330613435326639613339323730653333353363
61303363396438343162613163376566343037326339396539343534393837616336646465316139
38633530643562643239303530326435373937653735633962333637323739646137623332363033
33363864333436306432383937326131393032653863326465323366313030663036613366663361
64313139363839623065653339663432313833633733633133346364383366636238666237316331
36643333656164353131623861646365303739626335346633333534613235313134363939613536
66303631393838303565333334623533616361306563633137396235386237313661343039633938
36646630646432396532353839326438386531303963633738303736333338336630356164376264
61386566643235656437333364636162616565336466613733393663633630363539323536396166
38646639623166303061386462373265643633396534646366303036303730353166366462623162
31626265636636363932316231333831356236343336363564363638356262613964376339393633
61666363643638643436666465373538666133353633346533653235316662353464656337613639
31313030306434653733363635343161393663643939313031346463643031316362646330323964
31363363366336376232653635653462663766663165333162646135636534343363666431383561
34313363653261653064633137626461326131346365373635343530373532616661326532316261
34353438363866623761623234633132613130323739363366363061623435633661363962613062
62303632626463356430343562356330396363623865616138656161343637373837323764373366
38643237323866393637393937323731376232306662303865313236373033653061346632343062
32303638346634653964613963636637663862383034643139623565326431333231303364646535
39396261376364386335
